0 : 0 0 0
1 : 0 0 0
2 : 30 0 0
3 : 36 0 1
4 : 29 0 1
5 : 26 0 36
6 : 32 30 41
7 : 39 36 41
8 : 32 28 47
9 : 33 32 39
10 : 29 32 58
11 : 17 36 84
12 : 15 27 98
13 : 16 34 109
14 : 13 24 155
15 : 19 19 166
16 : 9 20 209
17 : 23 17 262
18 : 15 31 298
19 : 9 51 320
20 : 12 66 306
21 : 7 96 327
22 : 13 127 366
23 : 7 113 377
24 : 17 124 403
25 : 17 152 421
26 : 18 200 482
27 : 10 194 565
28 : 13 197 536
29 : 22 225 562
30 : 20 194 586
31 : 28 245 582
32 : 23 227 584
33 : 30 218 559
34 : 25 222 571
35 : 28 268 625
36 : 35 267 583
37 : 52 287 622
38 : 40 333 608
39 : 55 364 611
40 : 89 394 605
41 : 86 414 583
42 : 81 419 621
43 : 125 431 715
44 : 113 436 660
45 : 93 373 780
46 : 118 405 816
47 : 112 404 746
48 : 107 427 767
49 : 142 413 774
50 : 120 443 810
51 : 130 418 809
52 : 123 450 867
53 : 105 404 909
54 : 125 442 907
55 : 160 428 932
56 : 138 420 994
57 : 146 435 1031
58 : 133 441 1092
59 : 165 421 1169
60 : 185 421 1255
61 : 157 479 1222
62 : 169 442 1263
63 : 174 438 1289
64 : 181 447 1355
65 : 158 418 1462
66 : 177 475 1498
67 : 204 445 1602
68 : 185 460 1752
69 : 161 492 1862
70 : 213 498 1782
71 : 193 527 1790
72 : 180 496 1868
73 : 215 506 1984
74 : 212 535 1795
75 : 192 599 1719
76 : 193 609 1847
77 : 209 622 1750
78 : 197 628 1726
79 : 201 643 1703
80 : 181 687 1641
81 : 228 687 1579
82 : 218 725 1574
83 : 218 765 1541
84 : 209 739 1498
85 : 184 808 1486
86 : 216 800 1412
87 : 191 857 1326
88 : 185 899 1391
89 : 209 868 1328
90 : 189 911 1285
91 : 215 939 1326
92 : 213 960 1289
93 : 184 1051 1447
94 : 211 1092 1388
95 : 193 1068 1493
96 : 201 1140 1493
97 : 189 1137 1517
98 : 219 1188 1507
99 : 189 1269 1579
100 : 203 1234 1527
101 : 231 1352 1527
102 : 201 1421 1569
103 : 236 1359 1542
104 : 193 1431 1541
105 : 204 1491 1490
106 : 188 1478 1549
107 : 215 1390 1638
108 : 222 1382 1673
109 : 211 1281 1710
110 : 216 1295 1831
111 : 261 1253 1863
112 : 231 1289 2044
113 : 242 1210 2175
114 : 247 1287 2303
115 : 227 1188 2357
116 : 244 1245 2467
117 : 253 1251 2374
118 : 279 1279 2412
119 : 261 1215 2357
120 : 260 1247 2463
121 : 267 1315 2514
122 : 284 1254 2536
123 : 292 1267 2721
124 : 270 1229 2931
125 : 340 1213 3066
126 : 311 1353 3288
127 : 285 1392 3440
128 : 309 1400 3628
129 : 335 1429 3553
130 : 344 1505 3610
131 : 322 1537 3714
132 : 326 1527 3764
133 : 349 1720 3728
134 : 386 1862 3663
135 : 375 2008 3268
136 : 379 2123 3216
137 : 374 2221 3211
138 : 394 2146 3102
139 : 414 2148 2841
140 : 470 2084 2705
141 : 443 2303 2377
142 : 436 2202 2007
143 : 487 2140 1853
144 : 543 2094 1476
145 : 519 1991 1394
146 : 576 1914 1307
147 : 534 1856 1229
148 : 597 1846 1156
149 : 646 1969 1132
150 : 613 2101 1094
151 : 688 2128 957
152 : 691 2184 804
153 : 678 2270 738
154 : 687 2503 569
155 : 711 2716 461
156 : 684 2839 376
157 : 765 2854 309
158 : 704 3000 259
159 : 777 2806 282
160 : 862 2731 218
161 : 865 2755 186
162 : 873 2756 154
163 : 837 2831 146
164 : 866 2753 112
165 : 863 2720 102
166 : 881 2816 83
167 : 924 3019 72
168 : 1017 3143 46
169 : 1028 3420 52
170 : 1070 3622 31
171 : 1091 3630 29
172 : 1101 3309 28
173 : 1125 3024 24
174 : 1142 2966 23
175 : 1126 2723 17
176 : 1151 2269 18
177 : 1191 2188 16
178 : 1184 2198 3
179 : 1262 1973 7
180 : 1281 1793 8
181 : 1305 1646 5
182 : 1389 1532 10
183 : 1561 1396 4
184 : 1706 1211 6
185 : 1894 1022 4
186 : 2015 827 5
187 : 2213 642 3
188 : 2279 498 3
189 : 2234 441 2
190 : 2228 352 3
191 : 2260 325 6
192 : 2287 342 4
193 : 2404 284 2
194 : 2430 297 0
195 : 2362 252 1
196 : 2431 224 0
197 : 2488 181 0
198 : 2414 179 0
199 : 2399 117 0
200 : 2284 118 0
201 : 2217 73 0
202 : 2129 68 0
203 : 2108 55 0
204 : 2130 23 0
205 : 2155 16 0
206 : 2287 18 0
207 : 2366 19 0
208 : 2503 9 0
209 : 2633 11 0
210 : 3066 5 0
211 : 3554 0 0
212 : 3570 2 0
213 : 3644 1 0
214 : 3375 0 0
215 : 3066 0 0
216 : 2932 0 0
217 : 2969 0 0
218 : 3121 0 0
219 : 3177 0 0
220 : 3138 0 0
221 : 2993 0 0
222 : 3072 0 0
223 : 3042 0 0
224 : 3130 0 0
225 : 3111 0 0
226 : 3320 0 0
227 : 3780 0 0
228 : 3960 0 0
229 : 4136 0 0
230 : 4362 0 0
231 : 4460 0 0
232 : 4406 0 0
233 : 4134 0 0
234 : 3355 0 0
235 : 2558 0 0
236 : 1862 0 0
237 : 1367 0 0
238 : 953 0 0
239 : 741 0 0
240 : 688 0 0
241 : 607 0 0
242 : 483 0 0
243 : 397 0 0
244 : 294 0 0
245 : 178 0 0
246 : 98 0 0
247 : 49 0 0
248 : 22 0 0
249 : 14 0 0
250 : 6 0 0
251 : 2 0 0
252 : 0 0 0
253 : 0 0 0
254 : 0 0 0
255 : 0 0 0
